# Relatório de Desempenho para o atributo: numpackets
# Valor | Tempo_Medio_ms
10 0
30 0
50 0
70 0
90 0
110 0
130 2.0000
150 8.0000
170 10.0000
190 8.0000
210 10.0000
230 10.0000
250 10.0000
270 14.0000
290 16.0000
310 16.0000
330 24.0000
350 24.0000
370 22.0000
390 30.0000
410 36.0000
430 40.0000
450 46.0000
470 52.0000
490 60.0000
510 60.0000
530 70.0000
550 74.0000
570 86.0000
590 90.0000
610 104.0000
630 112.0000
650 112.0000
670 130.0000
690 164.0000
710 154.0000
730 158.0000
750 166.0000
770 180.0000
790 198.0000
810 212.0000
830 222.0000
850 238.0000
870 240.0000
890 262.0000
